gene	length	logFC	logCPM	F	PValue	FDR
Sftpc	804	5.578774908	1.925589597	10.21163775	0.006311599	0.040907301
Klk1b27	889	4.923403947	0.963268956	13.03468449	0.003427176	0.027480877
Wnt10a	1962	3.9747882	2.942828666	129.8854829	1.40E-08	1.13E-05
S1pr3	4484	3.804874219	1.375216883	71.21370648	6.15E-07	0.000113464
Serpinc1	2088	3.093247587	3.073573953	42.89721473	1.15E-05	0.000655995
Cd22	4689	3.0155816	1.827585978	45.22407619	8.58E-06	0.000538319
Plac8	3910	2.872024736	3.241247695	34.74807868	3.54E-05	0.00128481
Krt19	1416	2.815240881	-0.089180548	4.078929999	0.062513305	0.192762199
Gm6637	1502	2.736448034	1.474914219	39.67691419	1.75E-05	0.000843704
Cd86	3513	2.675748303	4.229969085	142.5844748	7.64E-09	1.13E-05
Nkg7	813	2.627614075	3.655277643	85.72959125	1.97E-07	5.17E-05
Ifi211	2007	2.598172333	3.054527481	42.01361304	1.29E-05	0.000709831
Car2	1947	2.576830887	1.843779895	54.27480078	3.06E-06	0.000291672
Timp3	4681	2.566136555	0.279167059	3.543616946	0.080223354	0.226581664
Tbx21	2552	2.474810286	2.66108488	70.56727232	6.50E-07	0.000116079
Pla1a	3899	2.473055985	0.537963961	21.28435331	0.000378229	0.006207153
Gm35113	9767	2.372289135	0.932090533	39.01569501	1.92E-05	0.000872624
Slc30a2	3483	2.361815831	0.563266303	18.91061935	0.000632833	0.008669555
Ajuba	3503	2.328029214	1.23541131	34.01790539	3.95E-05	0.001351367
Coro2a	5326	2.321843228	3.083867015	39.10140404	1.90E-05	0.000871593
Emp2	3440	2.269636321	0.68339849	4.412674618	0.053812596	0.173986849
Gm3739	5766	2.267767358	3.083617811	14.91778039	0.001655562	0.016596902
Macc1	4301	2.258861065	0.748225956	18.47538383	0.000698421	0.009272198
Cd300lf	1908	2.245978402	1.195697033	37.46689238	2.38E-05	0.0010005
Ccdc148	25202	2.225684366	0.615844188	19.16533744	0.000597726	0.008395942
Gm32643	14800	2.214126349	1.318300015	9.429226344	0.008109288	0.048794425
Cldn18	3121	2.147403838	0.53341676	2.194112374	0.160173924	0.354052535
Stra6	4384	2.099093353	2.249089884	37.60466695	2.34E-05	0.000988583
Il18	2593	2.094890741	1.872788363	62.07103069	1.40E-06	0.000182891
Klrb1c	2632	2.094462328	4.348264704	131.5236477	1.29E-08	1.13E-05
Ifng	1210	2.033430897	1.10096174	9.35941078	0.00829655	0.049471692
Sik1	4553	2.002353737	3.813072122	80.69594427	2.87E-07	7.34E-05
Ctsw	1498	1.997213287	2.783897517	36.02436022	2.93E-05	0.001126344
Nrn1	1769	1.931390875	3.485173999	57.74411176	2.13E-06	0.000226734
Gm4956	1148	1.882974719	2.300271687	11.29686732	0.004524954	0.032993476
Nedd4	7090	1.824733254	1.160493827	21.13832208	0.000389982	0.006335373
Eomes	3718	1.787733344	0.875088692	8.757870986	0.010133882	0.056703404
9530036M11Rik	12763	1.78439699	1.081523211	22.58812535	0.000289471	0.00524024
Ctsh	1670	1.780187796	1.67740737	5.314619332	0.036572107	0.133678177
Smim10l2a	3133	1.769723584	2.614770563	40.41192348	1.59E-05	0.000794775
Gjb2	2404	1.743682843	2.239541584	32.66512194	4.87E-05	0.00153854
Gpr25	2013	1.743089582	1.450112704	15.48845476	0.001430855	0.015068818
Hes5	4386	1.715637985	1.416509822	15.0826629	0.001586736	0.016137253
Cish	4293	1.697191408	4.692615901	98.50986295	8.27E-08	2.66E-05
Rhbdf1	4991	1.650235182	0.646646233	13.38101348	0.002491787	0.022045609
Vcam1	3398	1.650111228	2.431708141	18.03608838	0.00077262	0.009929399
Ncf1	2969	1.636776381	2.844692772	39.49632975	1.80E-05	0.00085012
Runx2	8554	1.632269893	3.278975222	50.76755165	4.48E-06	0.000362628
Rgs16	2335	1.608018443	4.67857459	21.21313841	0.000383909	0.006272934
Rxra	5703	1.604260731	6.152080529	126.0597685	1.71E-08	1.13E-05
Penk	1593	1.585987318	4.035022238	23.64729888	0.000234632	0.004520539
Il2ra	4428	1.575726124	4.848228925	36.28594232	2.82E-05	0.001110301
Fut4	3664	1.569674748	0.346730322	6.400546197	0.023698715	0.100565449
Msln	2178	1.531516706	0.414727855	1.45972559	0.246519703	0.458503025
Ptprk	7097	1.516440895	3.353642666	50.31162683	4.72E-06	0.000366196
Tcf4	44311	1.509689635	2.594485684	48.10868971	6.07E-06	0.00043277
Bco2	2565	1.473675634	0.197280978	9.990670493	0.006768089	0.042878531
Bcam	2407	1.467491499	1.675317894	15.56602226	0.001403095	0.014905919
Esr1	9756	1.450536631	0.381586767	7.728061147	0.01448678	0.072744053
Plpp1	1765	1.436228912	2.966577297	38.18802773	2.15E-05	0.000935493
Gm30569	2455	1.428366528	0.334975766	4.152994792	0.060446903	0.188861946
Fgr	4030	1.410797986	3.60657815	42.27261432	1.24E-05	0.000693804
Adamts20	13066	1.396284524	0.187402247	2.441141188	0.139982409	0.324731498
Per2	6106	1.393341523	2.040393231	21.00055914	0.000401452	0.006465734
Actg2	1315	1.38957069	2.585431455	8.2056493	0.012244312	0.064838413
Ccrl2	2249	1.377583824	0.881394986	3.941550083	0.066572113	0.201296708
Soat2	2283	1.371042866	1.650568596	11.19725958	0.004662145	0.033645144
Lad1	2992	1.359854849	0.574806151	7.196455027	0.017562421	0.08253368
Tubb6	1744	1.359094065	1.543575342	11.80263755	0.003895993	0.029884351
Rab11fip5	6171	1.349432849	2.024607781	18.63849087	0.000672971	0.009051745
LOC115488162	12601	1.344462902	0.814662755	5.00218155	0.041686306	0.146256257
Gm26885	2969	1.341274132	0.452906323	12.63154427	0.003069714	0.02554238
Ciart	2394	1.31878378	2.481323153	11.96372235	0.00371719	0.029041032
Chchd10	1555	1.315227808	4.784568351	133.227581	1.19E-08	1.13E-05
Dusp22	3058	1.305653311	3.003242044	35.9399681	2.97E-05	0.001135831
Igsf9b	17242	1.299821601	0.82506583	3.593816423	0.078328694	0.223758968
Bspry	2211	1.297999395	2.273751154	18.99483773	0.000620971	0.008599117
Gbp5	3021	1.289773018	2.699762721	27.59963901	0.000112747	0.002661025
Cd74	1415	1.283976524	5.001946851	59.64164747	1.77E-06	0.000207231
LOC118567636	10085	1.272999464	0.345860996	6.204573028	0.025571253	0.105838663
Fasl	1935	1.271353677	3.502923965	13.48011771	0.002425137	0.021582758
Snord14c	87	1.267093542	0.459585469	10.32222301	0.006096495	0.040053479
Tbc1d16	7135	1.263589329	0.611759213	7.271520019	0.017085347	0.081090572
Pogk	10686	1.263451547	1.510097096	10.43663187	0.005882772	0.039072709
Mir155hg	1264	1.259094443	2.540738615	36.77623471	2.63E-05	0.001060461
Gm51701	3421	1.236473394	0.651340114	4.580775594	0.049974958	0.165855272
Tsc22d1	9939	1.235666579	1.419518939	7.63705387	0.014966091	0.074453492
Gm31813	2673	1.233118004	2.3381595	21.40766218	0.00036862	0.006132847
Gm51666	24977	1.232525902	1.621891595	6.003392234	0.027674962	0.111602368
Apol10b	2744	1.230265092	1.301542477	12.45652691	0.003225937	0.026432023
Gm46762	4775	1.22951097	2.341062456	24.99194565	0.000181284	0.003751656
Iftap	2580	1.229196543	0.105562108	8.938914088	0.009535635	0.054163559
Hip1	25858	1.222963238	0.677768031	9.924599707	0.006911876	0.043471452
Ifitm2	1666	1.222393105	2.645907495	18.64046656	0.00067267	0.009051745
BC049352	5050	1.220340707	3.308701119	18.99003476	0.000621641	0.008599117
Arhgap24	14407	1.213386608	1.587372058	17.25704887	0.000927513	0.011349932
Zfp72	4187	1.206029767	0.426409741	6.042443078	0.027251321	0.110596746
Selenbp1	1685	1.205396114	0.737132131	5.334637578	0.036270263	0.132960648
Hsd17b14	1653	1.204864847	0.432772115	6.963426132	0.019144722	0.087401168
Chst15	5922	1.199300671	3.942935351	41.27494565	1.42E-05	0.000757855
Dctd	3046	1.188080019	3.489797993	26.3464896	0.000141091	0.003132934
Cd83	2141	1.185731776	7.678023114	51.99300077	3.91E-06	0.000336142
Itga9	7091	1.182969948	1.025633991	4.76958194	0.046042305	0.156365717
Homer1	18067	1.182665376	3.014674104	37.29542362	2.44E-05	0.001013772
Irf8	3435	1.18174776	6.079301007	79.20093461	3.22E-07	7.71E-05
Fancf	1691	1.176897535	1.169930204	8.653549438	0.010498214	0.058106633
Rreb1	14627	1.173127343	3.350278097	26.08594064	0.000147959	0.003228137
Bcl2l11	9973	1.171816374	5.577602319	55.56657183	2.67E-06	0.000263563
Cxcr3	1609	1.16232062	5.031083798	18.41967213	0.000707365	0.009324953
Mir17hg	2339	1.162157008	1.35651746	10.38934336	0.005970048	0.039442961
Pdgfb	5088	1.155722722	0.52414553	5.060855257	0.040665044	0.143783625
Gm3636	5353	1.133050871	3.444820336	21.24908505	0.00038103	0.006244015
Tasl	4367	1.129559529	1.981774926	16.98884454	0.000988844	0.011831854
4930481B07Rik	7228	1.128545268	1.700002584	17.70788836	0.000833957	0.010513653
Gm22146	4248	1.128097863	0.91066729	4.292851334	0.056760952	0.180819129
Tg	8695	1.125351864	3.256383697	9.658965127	0.007526546	0.046026953
Snhg15	592	1.120187431	4.194150842	49.58231444	5.12E-06	0.000384524
Mtfp1	1396	1.108077707	3.100963074	19.56832835	0.000546629	0.007899813
Sema4c	7688	1.102703382	1.740236175	7.329896089	0.016724689	0.080053806
Tspan4	3162	1.100100276	0.889952393	5.736998508	0.03077852	0.119484337
Pde4a	7460	1.099425012	0.361419132	2.615684557	0.127589032	0.305421501
Nrp1	9735	1.094948647	6.431024028	26.93499925	0.000126875	0.002873961
Bhlhe40	3113	1.09435021	6.967443206	11.35641418	0.004445154	0.032615352
Prelid2	724	1.076729143	2.69517863	25.5073156	0.000164621	0.003503408
Ahr	5494	1.07205387	5.465064008	31.63198674	5.73E-05	0.001738621
Srm	1328	1.069498684	6.210450738	25.51788221	0.000164298	0.003503159
Phtf2	5149	1.062807173	4.255614722	39.00815763	1.92E-05	0.000872624
Chsy1	4446	1.060625958	2.983891453	17.80335223	0.00081556	0.010362949
LOC118568556	5499	1.059794194	0.415981663	4.141211007	0.060770201	0.189410553
Gm34086	6773	1.056192906	1.178173256	1.948185905	0.184017425	0.387668548
Lta	1627	1.051644854	6.084412985	111.0178242	3.87E-08	1.81E-05
1810006J02Rik	1687	1.047583138	1.627315194	7.482433875	0.015823113	0.077423763
Myo1e	4998	1.042517916	3.580451423	13.45362545	0.002442751	0.021705205
Ager	1978	1.034520561	2.642415479	2.649223084	0.125364138	0.302140065
Gzmb	1512	1.029527636	1.398323053	1.825601758	0.197579525	0.403181129
Ebi3	1171	1.027661338	5.249072897	25.4824995	0.000165382	0.00350635
Unc93b1	2281	1.016356154	5.575818078	119.5146389	2.41E-08	1.25E-05
Tnfrsf8	3496	1.014724419	4.694162919	9.940923869	0.006876026	0.043318582
Atp8b4	6512	1.014532306	0.924944832	6.264784207	0.024978208	0.104261897
1500009L16Rik	1363	1.012530534	3.593449944	11.46630971	0.004302084	0.032025024
Sox4	4781	1.005605587	2.120823262	7.438258192	0.0160783	0.078088653
Gbp7	5622	1.004231611	4.109125466	16.60374807	0.001085194	0.012581997
Trav6-7-dv9	368	-1.00034521	1.513701323	5.499321821	0.03389453	0.127226673
Gm50587	3257	-1.001414443	1.162240085	6.278740146	0.024843042	0.103971362
Atrnl1	7207	-1.00566071	0.681381677	4.235488233	0.05823971	0.183607577
Adam8	4190	-1.006712668	0.923482078	5.576148662	0.032848679	0.124893763
Rgs11	3223	-1.008224121	1.399835898	7.74804348	0.014383928	0.072389028
Spo11	3310	-1.008342034	2.618893359	12.10940737	0.003563549	0.028219175
Rflnb	3512	-1.010169543	6.130117421	36.02084465	2.93E-05	0.001126344
Camk2b	5738	-1.011558854	2.636738953	8.463637057	0.011200948	0.060771213
Dhx58	2480	-1.012094611	4.245455417	29.99539206	7.48E-05	0.002026381
Cd7	1042	-1.013442318	1.895971382	5.99702431	0.027744769	0.111713379
Gm30292	3002	-1.013948893	3.360441366	7.007190102	0.018835359	0.086345948
Cd200r3	8296	-1.015330465	0.892541889	8.723744822	0.010251436	0.057162293
Plekhg3	6914	-1.015570512	0.957840584	5.029715929	0.041203351	0.145185157
Cd53	2802	-1.0163095	9.434155347	46.6007431	7.26E-06	0.000495224
Smco4	1545	-1.017526633	5.323013576	34.15285633	3.87E-05	0.00134583
Plcb4	12740	-1.018063213	3.138138635	21.03627023	0.000398442	0.006444917
Atp6v1g3	1887	-1.01854501	0.679351055	2.960400516	0.106821224	0.27393863
Gm31111	2910	-1.024146396	0.369216288	4.712725579	0.047186998	0.159104346
Coro2b	5419	-1.025035076	3.291362826	9.282885088	0.008507553	0.05033002
Trbj2-4	49	-1.031408938	1.073551928	7.34856773	0.016611198	0.079740973
Rd3	9842	-1.036138786	1.644884884	12.25687693	0.003415396	0.027462078
Stx1a	3425	-1.036589971	1.137512815	10.21937357	0.006296271	0.040831463
L1cam	5693	-1.037556704	2.477488276	9.543781104	0.007812465	0.047362806
Gm32031	325	-1.039931414	1.419337312	5.997651596	0.027737883	0.111713379
A530088E08Rik	1795	-1.040674728	0.942510047	6.744142459	0.02078635	0.092612495
Gm14718	758	-1.045442017	3.599010946	20.91196891	0.000409032	0.006559661
Icos	4325	-1.04608414	9.179900257	126.1889318	1.69E-08	1.13E-05
Rasa3	4205	-1.046886407	7.058684972	56.54424181	2.41E-06	0.000251452
Rtn4rl1	3502	-1.048166338	2.330192834	15.37661828	0.001471993	0.015329971
E230032D23Rik	1195	-1.050517146	1.992988138	9.425641037	0.008118786	0.048800971
Gna15	2261	-1.053830943	3.726099651	19.5860356	0.000544501	0.007879397
Jdp2	2558	-1.05609807	1.412452089	7.377656785	0.016436156	0.079177685
Satb1	13246	-1.057674554	7.443490644	52.65734387	3.64E-06	0.000322441
6330403K07Rik	1598	-1.059755434	1.992476503	2.78920701	0.116574262	0.289775456
Tnip3	3769	-1.062995512	0.981291262	6.224162997	0.025376525	0.105270935
Cdc14b	11141	-1.063363229	3.384286022	28.47808288	9.67E-05	0.002352385
Chst10	3248	-1.063635131	5.381176088	101.3213151	6.92E-08	2.46E-05
Gm36681	4004	-1.067324517	1.607670564	11.88090072	0.003807917	0.0295856
Castor2	4769	-1.06928891	2.221510817	15.73660921	0.001344185	0.014522875
Susd4	3663	-1.070032475	0.434178673	4.561363515	0.050401267	0.166842572
Gm32046	1166	-1.0707967	0.266654206	4.553098955	0.050584063	0.167393179
Arid5b	9976	-1.072777006	5.566973331	39.45260276	1.81E-05	0.000851617
Gm51770	18656	-1.073447097	2.846342199	13.94366942	0.002139289	0.019994422
Hmox1	1576	-1.074216039	2.389775942	12.64139096	0.003061186	0.025538853
Bcl3	1846	-1.074684104	5.041042597	18.88907072	0.00063591	0.008677668
Tcp11l2	2400	-1.07513921	6.609461221	27.99628484	0.000105175	0.00251927
Sgpp2	4671	-1.07603989	1.130029082	5.416070521	0.035072013	0.130052939
Ctnnbip1	2787	-1.077021563	1.394215399	4.289264296	0.056852113	0.180955918
Cldn10	1446	-1.077413742	0.948404654	0.738642463	0.404233733	0.618235062
Crmp1	3436	-1.081376107	3.180423043	15.32345083	0.001492024	0.015469004
Gm15283	3105	-1.082890482	0.265999535	3.088449671	0.100167435	0.26204186
Gm38906	1321	-1.08331042	2.189963473	11.35500667	0.004447021	0.032615352
Grb7	4243	-1.087015916	1.924229916	15.27921504	0.001508928	0.015599181
Slc25a27	12394	-1.08891181	0.811150587	4.633330532	0.048841919	0.163046852
Cabcoco1	5034	-1.089198409	0.706707173	6.26771394	0.024949762	0.104185617
Ptrh1	1079	-1.09145986	3.403983904	20.48676285	0.000447766	0.006915271
1810062G17Rik	911	-1.095780316	0.334116814	4.177541152	0.059779963	0.187257323
S1pr1	3029	-1.096021026	7.845542041	119.2159565	2.45E-08	1.25E-05
Gab2	6008	-1.097541833	0.592827891	3.968847348	0.06574133	0.199378222
Gcnt1	6519	-1.098801358	1.295967454	3.580386924	0.078830276	0.224222144
Fcgr3	2799	-1.102519545	0.576812434	4.027022007	0.06401146	0.195879592
Gm46289	4985	-1.102721769	3.095739662	23.53155391	0.000240007	0.004571906
Gm5432	5251	-1.111095781	0.197049026	2.098506123	0.168953712	0.366207333
Gm34771	5091	-1.111694353	1.120717213	10.417285	0.0059183	0.039216141
Usp18	1771	-1.112500788	3.768805418	14.82279566	0.001696761	0.016934512
Slc22a17	6366	-1.113964433	0.643544569	3.773711258	0.071963197	0.211522891
Ifi206	3562	-1.114612298	6.077553887	33.83405822	4.06E-05	0.001368924
Npdc1	2687	-1.117690097	1.146957004	5.705375205	0.031173215	0.120311298
Ncmap	2445	-1.121539408	1.72118192	16.42412375	0.001133779	0.012998049
Gm16364	2619	-1.122328061	0.262661901	2.545110602	0.132430932	0.312992186
Capn2	3318	-1.122949601	5.753058842	79.42453168	3.16E-07	7.71E-05
Gm19585	1025	-1.123318512	5.932919502	25.42091201	0.000167288	0.003533459
LOC115490137	8110	-1.124631092	1.100188278	9.87412299	0.007024096	0.044029659
Gm26740	12704	-1.125402448	3.631311993	33.60508456	4.21E-05	0.001396798
Tbc1d30	13208	-1.129505282	2.357728397	7.982872709	0.013236317	0.068355255
Rapgef5	7489	-1.133803915	1.132480866	4.025917517	0.064043797	0.19592529
Itga3	5316	-1.133925001	0.837422967	7.794557903	0.014147762	0.071552336
Pdlim4	1253	-1.13601396	2.253991691	10.70599375	0.00541272	0.036931152
Fbln1	3859	-1.138376322	2.850179302	15.53090168	0.001415587	0.014980732
Slc26a11	3862	-1.140736229	5.295762887	71.80053765	5.85E-07	0.000111633
Gm30054	4918	-1.144964031	0.996942261	6.711045111	0.021048051	0.093290929
Mettl27	3127	-1.149163479	2.310711253	24.05405272	0.000216803	0.004289573
Arl5c	1673	-1.151938788	6.013948142	69.88789701	6.89E-07	0.000117456
Phactr2	10540	-1.151943358	4.325450343	45.07419975	8.74E-06	0.000538319
Timp2	3622	-1.152662277	4.754698042	62.76310617	1.31E-06	0.000181344
Sgk1	4158	-1.152910529	4.644311337	38.97939445	1.93E-05	0.000872624
Trpv6	2928	-1.153769149	1.258541107	11.88158992	0.003807152	0.0295856
Ripor2	10616	-1.154841281	7.761554841	96.48715573	9.43E-08	2.95E-05
Slc37a2	4436	-1.158155673	1.504896107	12.73875931	0.002978301	0.025045867
Gm38948	4782	-1.159401095	0.512710113	7.078766494	0.018341786	0.084836413
Slc36a3	1977	-1.16145082	0.451023286	6.029230757	0.027393804	0.110921462
Bcl6	5043	-1.162599801	5.890354755	49.45388354	5.20E-06	0.000385072
Jun	3187	-1.163026459	6.607614268	12.00237272	0.003675701	0.028816881
E230016M11Rik	1762	-1.164668486	0.520799249	7.625905955	0.015026055	0.074718784
Bambi-ps1	1215	-1.164736637	5.770441242	67.22910558	8.69E-07	0.000133824
Acot11	5876	-1.166566608	3.46258183	45.33114745	8.47E-06	0.000535501
Gm20717	2764	-1.167792218	0.673086369	5.881864426	0.029043249	0.115091807
Gm8369	2129	-1.168025349	5.116151346	33.80426198	4.08E-05	0.001371057
Nipal1	4205	-1.17186833	4.138266608	46.84973144	7.05E-06	0.00048376
LOC115490354	8592	-1.173475262	1.543663552	7.457749363	0.015965124	0.07774021
Mturn	5307	-1.175034902	3.383647154	23.64142558	0.000234901	0.004520539
Syt11	5783	-1.176539269	6.805946711	222.1974195	3.97E-10	4.47E-06
Frat2	2161	-1.179238838	1.857823854	4.981091909	0.04206071	0.147050396
Baiap3	6167	-1.1848971	1.804336723	12.63988928	0.003062485	0.025538853
Gm36851	3585	-1.185075052	0.811429226	7.030119866	0.018675585	0.08588568
Adamtsl4	4209	-1.190223278	1.15525041	6.889706804	0.019679248	0.089011238
Trav14-3	361	-1.190709433	0.602741137	5.130975918	0.039482737	0.140931089
Fosl2	7081	-1.191139166	0.542102184	4.706077466	0.047323016	0.159461991
Aldoc	2873	-1.192775388	3.691404471	6.292915984	0.024706615	0.103484016
Hid1	6349	-1.194752862	3.163335335	18.98923952	0.000621752	0.008599117
Trib2	4448	-1.195947054	7.461993158	95.75862638	9.89E-08	3.01E-05
B230118I11Rik	7105	-1.19742005	4.225388659	27.52265488	0.000114288	0.002683799
Gm30693	3068	-1.197765089	0.877183422	10.08585963	0.006566938	0.042029899
Gmfg	2451	-1.199236803	7.788822413	122.7333609	2.03E-08	1.25E-05
Gm34150	1228	-1.205008567	2.437356217	10.88577921	0.005122987	0.035605655
Cd27	1812	-1.205213636	7.216669107	66.26468633	9.48E-07	0.000142237
B3gnt5	5377	-1.206454722	2.289073752	12.15935595	0.003512558	0.027926823
Trav16	350	-1.2105281	1.0610011	8.985758028	0.009387536	0.053783654
Trib3	2051	-1.217086596	1.247905098	17.12955082	0.000956109	0.011598998
Jup	5396	-1.218024956	0.726539808	7.483329806	0.015817986	0.077423763
Tent5c	5680	-1.219505153	4.739913522	62.47934701	1.34E-06	0.000181344
Ly6a	1002	-1.222730363	8.197826596	27.36988335	0.000117418	0.002719931
Oas1a	2010	-1.223967922	3.608861908	40.82547958	1.50E-05	0.000768105
Selenop	2218	-1.226515262	7.0429226	120.9641411	2.23E-08	1.25E-05
Ifi209	3497	-1.228912675	6.928664458	39.11153603	1.89E-05	0.000871593
Slc12a8	4758	-1.230125473	1.260481501	10.94434694	0.005032479	0.035278051
Acsbg1	3375	-1.232042194	2.371676225	15.94409911	0.001276308	0.014073139
Tmem221	2285	-1.233509089	0.796589886	6.616350231	0.021818176	0.095315883
Mocos	5816	-1.239164069	1.268430396	5.286222784	0.037005336	0.13481537
Tbx6	1715	-1.241052395	0.883389418	4.247421997	0.057928358	0.182973824
Irs2	6794	-1.242603187	2.814316421	9.787758566	0.007220997	0.044864227
Adgrg5	3082	-1.246579712	0.813748516	3.202570012	0.094654882	0.252997309
Cmpk2	3439	-1.251730089	3.529925368	38.83005667	1.97E-05	0.000879582
Cacna2d4	6480	-1.25326653	3.147633165	24.48662148	0.000199518	0.00404716
Ston2	12385	-1.25477959	0.400466972	3.75670547	0.072537876	0.212664429
Neurl1b	6273	-1.256627834	0.469855414	4.795400047	0.045533295	0.154915031
Pou2af1	2566	-1.257178443	5.463052002	47.47124522	6.55E-06	0.000457729
Snord118	137	-1.262378967	4.52247343	11.37280328	0.004423475	0.03254868
Gm34702	1424	-1.27042485	1.133773708	9.941666795	0.0068744	0.043318582
Atcay	4233	-1.274502151	3.000419765	31.27861094	6.06E-05	0.001782592
Asb2	2899	-1.276296975	3.670574235	18.14404319	0.000753584	0.009740349
Lgmn	2008	-1.278428905	4.155649368	66.11547636	9.60E-07	0.000142268
Phf11a	1549	-1.278630773	1.825023962	11.5731234	0.00416807	0.031303621
Slc9a9	3492	-1.279378983	6.353096577	114.5536838	3.16E-08	1.55E-05
Sema4f	5004	-1.28538373	5.300369346	76.90920119	3.85E-07	8.18E-05
Cyp2s1	2623	-1.286248322	2.804975546	19.01363464	0.000618358	0.008594419
Slc14a1	3995	-1.288991205	3.623949076	44.54176644	9.33E-06	0.000555872
Dennd3	5647	-1.289590582	2.111168146	20.02459121	0.000494701	0.007406044
Ifi214	1294	-1.29058879	3.251607623	12.18341719	0.003488294	0.027792793
Pear1	4715	-1.295097922	5.229138482	136.8979223	9.97E-09	1.13E-05
Rnf144a	5805	-1.29526599	4.250579112	57.5993075	2.17E-06	0.000227926
Gm11946	13145	-1.297018768	0.309332005	3.77984946	0.071757099	0.211255602
Krt83	1757	-1.297245994	2.77655783	17.07490054	0.000968673	0.011700994
LOC118568405	1334	-1.297484557	0.614323869	4.880496633	0.04390175	0.151377
Chil5	5633	-1.298308138	1.129079459	10.4031935	0.005944333	0.039356392
Gm39876	2630	-1.298509086	0.502293776	11.70698327	0.004006831	0.030467807
Susd3	3651	-1.298882578	6.783277188	176.2377097	1.88E-09	7.07E-06
Gramd4	8624	-1.311710319	4.741435525	108.7606461	4.41E-08	1.91E-05
Klrb1f	4250	-1.313159271	1.353549392	13.03062021	0.002744853	0.023597761
Gm30992	5161	-1.314440701	0.117260514	2.757512619	0.118496836	0.292680424
Sorcs2	16057	-1.31571486	0.398721099	9.937398649	0.00688375	0.043318758
9330179D12Rik	1494	-1.316475443	0.620982116	8.325128398	0.011747766	0.062919289
Tmprss13	3754	-1.33030841	0.984834608	9.799454152	0.007193964	0.044793701
H2-Ob	3031	-1.34845093	3.352963756	37.10319736	2.51E-05	0.001026729
Gm39792	1164	-1.348793383	0.947566335	8.728043652	0.010236542	0.057136233
Gm19765	727	-1.34898222	2.589609	10.8042365	0.005252131	0.036252906
Tspan5	15327	-1.349627311	4.373405351	27.49148646	0.000114919	0.00268414
Tubb2b	1922	-1.353356017	1.935581885	21.70195604	0.000346792	0.005913797
Ankrd6	6371	-1.354799898	1.232105348	7.586522026	0.015240134	0.07531757
LOC118568085	24767	-1.355259118	2.454353141	6.337437132	0.024283775	0.102048053
Stxbp1	4005	-1.356268079	1.0085674	5.984647472	0.027881034	0.112093072
Ryr3	16095	-1.358650599	0.664714056	7.653300739	0.014879195	0.074086676
Sell	3206	-1.360002298	7.827835039	134.6762103	1.11E-08	1.13E-05
Zfr2	3488	-1.367887803	0.539267184	5.637018556	0.032046728	0.122673262
Abhd15	3249	-1.373085953	2.566524338	20.72882497	0.000425226	0.006680577
Rarg	3399	-1.37537604	2.186704367	7.791449309	0.014163404	0.071567148
Fut7	2965	-1.38767926	2.426271851	19.58962518	0.000544071	0.007879397
Slc16a5	4295	-1.394483486	4.198827023	62.84293415	1.30E-06	0.000181344
Kcnh2	5153	-1.399219791	1.274834731	6.857401793	0.019918922	0.089781512
Susd1	3964	-1.403030348	1.790688744	29.18634918	8.57E-05	0.002183199
Adcy6	13136	-1.404692441	1.429486096	18.91866612	0.000631689	0.008669555
Hpgds	4019	-1.410933825	2.588775223	30.76091239	6.60E-05	0.001856501
Armcx6	2863	-1.414455678	2.298143615	30.88838956	6.46E-05	0.00183667
4930417O13Rik	1093	-1.41776687	2.146278116	15.38237508	0.001469843	0.01532175
Rap1gap2	9251	-1.418697784	2.595769396	20.58564425	0.000438397	0.006816959
Art2a	1257	-1.421103314	0.775468122	5.087721531	0.040207216	0.142702659
Ntrk3	23979	-1.426036847	1.776914735	8.550647625	0.010872458	0.059563082
Cnga1	2818	-1.432045549	1.239119479	13.66649116	0.00230525	0.020929436
A630023P12Rik	646	-1.433736952	4.472181575	35.64776173	3.10E-05	0.001173502
LOC118568610	15356	-1.434935873	1.467840298	9.986480532	0.006777105	0.0429115
LOC118567527	5304	-1.440213093	4.663084711	56.12052523	2.52E-06	0.00025557
Gm34316	1679	-1.452260898	0.716619619	3.27229894	0.091466161	0.247768538
Cxcr5	2638	-1.4579052	7.331926021	77.48201478	3.68E-07	8.13E-05
Cfap157	1675	-1.473618126	0.681951854	3.410683713	0.085511384	0.236682435
Mx1	2697	-1.476510909	1.414318893	14.18558062	0.002005555	0.019053621
F730311O21Rik	4065	-1.479785402	0.298409027	4.536038216	0.050963889	0.168009213
Vipr1	4902	-1.491338123	3.407438624	23.22568081	0.000254902	0.004782802
Pipox	1775	-1.494935317	1.779201513	11.6520773	0.004072085	0.030808829
Tnfrsf23	4111	-1.497223231	0.588159892	9.795816582	0.007202359	0.044797878
Gabbr1	5848	-1.506764527	2.9820105	38.11773363	2.17E-05	0.000941087
Gm35363	7908	-1.506902507	0.287007445	3.650565306	0.076250756	0.219579318
A430088P11Rik	4502	-1.514539722	2.729391222	31.46390604	5.89E-05	0.001757713
Gm28707	3244	-1.516800834	0.446021495	6.809598448	0.020279817	0.091016396
Sqor	2365	-1.523565707	3.733890362	37.83250148	2.26E-05	0.00096098
6430562O15Rik	1721	-1.529785077	0.815427675	4.698329329	0.047482122	0.159854585
LOC115488342	8565	-1.533115058	1.006594138	6.632668377	0.021683164	0.094928901
Lncpint	1808	-1.536706354	1.819495718	18.13440463	0.000755261	0.009750838
Irf7	1934	-1.544284704	6.083122843	178.6296921	1.72E-09	7.07E-06
Tesc	1036	-1.552725481	6.116939262	100.6557686	7.22E-08	2.46E-05
Ccr2	4725	-1.559377329	0.468353495	3.57322959	0.079099163	0.224759812
Ifi213	8794	-1.559624465	4.101492813	41.34816475	1.40E-05	0.000757855
Ropn1l	910	-1.568330399	0.991739028	18.89885329	0.000634511	0.008669555
Gm15411	18344	-1.572097145	1.093494476	14.07133594	0.002067481	0.019510229
Klf8	8902	-1.577395042	0.796471381	11.99491285	0.003683667	0.028839169
Ifit1	2638	-1.581490868	3.478872088	16.89134647	0.001012279	0.012021345
Frat1	2614	-1.583393418	2.593887579	14.75079278	0.001728773	0.017162726
Oas2	4293	-1.593293056	0.545873745	21.36352029	0.000372028	0.006157646
Septin10	5152	-1.594877649	0.506280601	18.7035194	0.000663122	0.008962092
Gm50596	1857	-1.597256609	0.722560926	9.303347949	0.008450532	0.05015081
Il18r1	5096	-1.597861899	1.336033691	7.901448742	0.013621824	0.069643279
Ttc39c	5915	-1.601437787	4.07387053	29.55216144	8.06E-05	0.002090353
Gm51710	5981	-1.612254745	1.194387376	23.55738188	0.000238795	0.004564273
Slc43a1	3880	-1.614995498	1.657434863	24.08714343	0.000215422	0.004269752
4930502C15Rik	38992	-1.630421325	0.381359447	5.663062363	0.031710596	0.121676173
Slc28a2b	4043	-1.63276923	5.708155832	34.90535449	3.46E-05	0.001267108
Aqp3	1763	-1.638721038	4.008749839	48.4594372	5.83E-06	0.00042348
Gm32081	619	-1.638754086	0.791648881	8.16226013	0.012430598	0.065486043
Gm46781	2619	-1.646768956	1.338978759	17.22464565	0.000934686	0.011405283
Pou6f1	5353	-1.656462309	1.978968873	20.06494719	0.000490386	0.007370849
Kcnmb3	8336	-1.660544508	2.068661887	17.54114504	0.000867242	0.010824177
Slfn5	6354	-1.6674741	5.775908812	154.6999932	4.47E-09	1.13E-05
Ifit3	2678	-1.673475876	1.842580408	11.84256612	0.003850769	0.029754264
D930028M14Rik	1074	-1.674232279	0.904493011	13.28172148	0.002560678	0.022521959
Kcna2	14395	-1.678672265	3.150028833	77.87914342	3.57E-07	8.03E-05
S100a6	719	-1.697659479	5.525828571	19.41834314	0.00056504	0.008093155
Acvrl1	3788	-1.70919075	3.294953431	24.56794328	0.000196447	0.00399928
Syp	2482	-1.711474021	2.684588095	26.24667639	0.000143678	0.003165409
Rtp4	2945	-1.721976428	4.771038726	73.15304914	5.23E-07	0.00010142
Gm46412	10914	-1.725802256	1.747828348	14.23652975	0.001978625	0.018896314
2210417A02Rik	550	-1.735557292	0.535851104	9.283553229	0.008505684	0.05033002
Tnfrsf25	2541	-1.746970566	5.179038918	129.2811664	1.45E-08	1.13E-05
Syt13	3751	-1.767127411	0.262184109	16.94261776	0.000999877	0.011899169
Apold1	3284	-1.771150805	0.746363176	19.03138578	0.000615903	0.008574536
C030034L19Rik	5830	-1.771780114	1.999354715	33.01725202	4.61E-05	0.001489848
Orm3	2491	-1.775455217	0.912506342	11.26562003	0.004567486	0.03317468
Gm11346	1116	-1.786547789	3.790603768	55.13590821	2.79E-06	0.000273296
Oasl2	3136	-1.791321449	0.530067739	21.6527031	0.00035034	0.005931025
Atp1a3	4092	-1.792297475	0.668576563	24.36487937	0.000204218	0.004113793
Gmfg-ps	576	-1.799613618	0.837836841	21.91094064	0.000332187	0.005718295
S100a3	3206	-1.800949978	1.121564105	22.59915891	0.000288829	0.00524024
Acss1	3613	-1.815315378	4.26446686	75.35736393	4.36E-07	8.62E-05
F2rl1	2768	-1.838626452	0.959188653	12.77872539	0.002945026	0.024875851
Man1c1	6382	-1.857541547	0.270844888	10.6142495	0.005567798	0.037624413
Gm30712	4505	-1.865438391	1.563759531	14.79451017	0.001709255	0.017029018
Cebpa	2636	-1.947386505	0.981711884	6.419034783	0.023530427	0.100077652
Rasgef1a	3582	-1.987929437	1.736974072	19.34464868	0.000574345	0.008174429
Ryr1	15442	-1.998604779	0.448076336	21.89413641	0.000333335	0.005729297
S100a4	597	-2.009454984	2.867039369	22.9614038	0.000268625	0.004990396
Gm17455	1192	-2.016808579	0.214816033	13.49398758	0.002415973	0.021569405
Gm46941	398	-2.047236801	0.540683604	11.71826986	0.003993566	0.030439789
Epdr1	2387	-2.052674218	0.759649798	9.511790804	0.007894078	0.04772907
Gpr146	7193	-2.065552983	3.525531615	45.06261518	8.75E-06	0.000538319
Kif5c	6868	-2.073425428	0.827230663	23.86493089	0.000224893	0.004403202
Emp1	3231	-2.088347168	2.378587344	40.27763253	1.62E-05	0.000798546
Gabrr2	3437	-2.112665844	2.138324467	37.20272321	2.47E-05	0.001021441
D930020B18Rik	4453	-2.115019675	0.570196261	11.37629926	0.004418866	0.03254868
Fam20a	3505	-2.139822889	1.834784142	28.5425038	9.57E-05	0.002351823
Gm30603	624	-2.142147524	2.095998103	15.76117605	0.001335937	0.014475433
Gm36338	10464	-2.150248012	0.316381871	6.4007221	0.023697107	0.100565449
Rnase4	1996	-2.166713747	1.608119703	48.31462083	5.93E-06	0.000427913
Rorc	3564	-2.169213014	2.933684585	78.90327645	3.29E-07	7.72E-05
Il1r2	2688	-2.174320783	1.800120452	25.26420531	0.000172253	0.003609424
Ntn1	5738	-2.193708403	0.353360944	19.46571804	0.000559149	0.008029212
Tox2	4623	-2.213407041	6.270373307	145.5143698	6.69E-09	1.13E-05
Tha1	1840	-2.215119524	3.46858898	75.7263769	4.23E-07	8.51E-05
Ndrg4	3374	-2.217934888	0.686804401	20.5443477	0.000442283	0.006858426
Tgfb3	3385	-2.258541359	2.559097411	52.99218383	3.51E-06	0.000315913
B430306N03Rik	4390	-2.312790366	0.973663931	12.70803166	0.003004177	0.02516445
Zfp365	4257	-2.317366123	1.863344825	34.55301083	3.64E-05	0.001310123
Socs3	2732	-2.347844961	3.787617509	141.313748	8.10E-09	1.13E-05
Ifit1bl1	3186	-2.37466717	2.245473223	27.08554265	0.000123506	0.002808951
Gprc5b	4525	-2.438536302	0.451959701	10.24293821	0.006249842	0.04067094
P4ha2	2345	-2.472227475	-0.056999292	17.44780423	0.000886536	0.010987018
Rsad2	3785	-2.493619567	1.837188154	27.68696874	0.000111028	0.002625953
H2-Q2	2032	-2.549370394	5.493329246	43.3681617	1.08E-05	0.000620998
LOC118567711	2136	-2.554097984	0.024807705	3.146234214	0.105800925	0.272128583
Nav2	114472	-2.614480447	3.596160945	87.7597412	1.71E-07	4.69E-05
Iltifb	1111	-2.680275012	0.065216135	28.49831017	9.64E-05	0.002352385
Kit	5182	-2.761096583	1.374228512	22.51205023	0.000293943	0.005269435
Tigit	2137	-2.810084227	5.480097878	31.56903865	5.79E-05	0.001744893
Il21	3178	-2.82746787	4.685866373	38.02487452	2.20E-05	0.00094611
Usp35	9685	-2.835476593	0.943744077	19.36665503	0.000571548	0.008165593
Ntng2	1924	-2.878059149	0.554742773	27.16955494	0.00012167	0.002789746
Itga7	7267	-3.044405927	2.090674398	88.61111352	1.61E-07	4.52E-05
Serpinb1a	2428	-3.092239251	0.35192038	34.31124017	3.78E-05	0.001337348
Il1r1	6138	-3.379400533	4.209533968	75.73648433	4.23E-07	8.51E-05
B4galnt4	3682	-4.038804124	1.209451906	36.16138327	2.87E-05	0.001118818
Cpeb1	8516	-4.154058081	0.678607639	48.1702157	6.03E-06	0.000432408
Il17re	3592	-4.184534502	0.110744505	80.05947076	3.01E-07	7.53E-05
Adam12	7675	-4.464505309	0.597331239	44.69023827	9.16E-06	0.000551573
Klhl4	3884	-4.771257676	0.837210857	15.97428353	0.001266764	0.014050472
Cd163l1	4508	-5.661270957	0.075713652	31.15795177	6.18E-05	0.001794193